False
高级开某投某
软件名称=LHHC
玩法类型=定位胆
玩法名称=个位
金额模式=2
投注监控=False-50000
任选中奖=1-10
任选位置=4
换号规则=0
换号期数=1
翻倍方式=0
正集=True
倍投类型=1
倍投计划=1,4
倍投方案=高级倍投主配置
显示更多=False
真实投注1=False-50000
真实投注2=False-50000
模拟投注1=False-50000
模拟投注2=False-50000
盈利跳转=False-50000-1
亏损跳转=False-50000-1
盈利停止=False-50000
亏损停止=False-50000
投注时间=False
投注时间类型=0
范围开始时间=False-09:01:00
范围停止时间=False-21:32:00
范围停止类型=0
倒计时停止时间=02:00:00
倒计时停止类型=0
高级开某投某选择=True,True,True,True,True,True,True,True,True,True
高级开某投某开出号码=0|1|2|3|4|5|6|7|8|9
高级开某投某正投号码=0,1,2,3,5,6,7,8|1,2,3,4,6,7,8,9|0,2,3,4,5,7,8,9|0,1,3,4,5,6,8,9|0,1,2,4,5,6,7,9|0,1,2,3,5,6,7,8|1,2,3,4,6,7,8,9|0,2,3,4,5,7,8,9|0,1,3,4,5,6,8,9|0,1,2,4,5,6,7,9
高级开某投某反投号码=4,9|0,5|1,6|2,7|3,8|4,9|0,5|1,6|2,7|3,8
高级开某投某换号规则=0

